TITLE = "Visualization of the surface solution"
VARIABLES = "x","y","Alpha","X-Momentum","Y-Momentum","Energy-Momentum","X-u_droplet","Y-u_droplet","Energy","Temperature","Density_air","X-u_air","Y-u_air"
ZONE NODES= 200, ELEMENTS= 200, DATAPACKING=POINT, ZONETYPE=FELINESEG
9.997500e-01	-3.632897e-05	1.063148e-01	6.712354e+00	8.896137e-01	2.091054e+04	6.313657e+01	8.367728e+00	1.966851e+05	0.000000e+00	1.236333e+00	4.861060e+01	6.736836e+00	
9.990000e-01	-1.452538e-04	1.096660e-01	6.776426e+00	9.032354e-01	2.091054e+04	6.179149e+01	8.236238e+00	1.906748e+05	0.000000e+00	1.234878e+00	5.134745e+01	7.294538e+00	
9.977600e-01	-3.251112e-04	1.099490e-01	6.835832e+00	9.098000e-01	2.091054e+04	6.217277e+01	8.274749e+00	1.901841e+05	0.000000e+00	1.233580e+00	5.338032e+01	7.665864e+00	
9.960200e-01	-5.769984e-04	1.097365e-01	6.856736e+00	9.105910e-01	2.091054e+04	6.248366e+01	8.297980e+00	1.905524e+05	0.000000e+00	1.232723e+00	5.501179e+01	7.896912e+00	
9.937800e-01	-9.004365e-04	1.096937e-01	6.890762e+00	9.123765e-01	2.091054e+04	6.281822e+01	8.317493e+00	1.906267e+05	0.000000e+00	1.231961e+00	5.629043e+01	8.088158e+00	
9.910500e-01	-1.293364e-03	1.095902e-01	6.921702e+00	9.134671e-01	2.091054e+04	6.315984e+01	8.335297e+00	1.908067e+05	0.000000e+00	1.231337e+00	5.738675e+01	8.228598e+00	
9.878400e-01	-1.753610e-03	1.094770e-01	6.951677e+00	9.142757e-01	2.091054e+04	6.349895e+01	8.351301e+00	1.910039e+05	0.000000e+00	1.230778e+00	5.832991e+01	8.337050e+00	
9.841300e-01	-2.283177e-03	1.093718e-01	6.983300e+00	9.133854e-01	2.091054e+04	6.384916e+01	8.351194e+00	1.911877e+05	0.000000e+00	1.230275e+00	5.917106e+01	8.418820e+00	
9.799500e-01	-2.876826e-03	1.092742e-01	7.012380e+00	9.141742e-01	2.091054e+04	6.417235e+01	8.365876e+00	1.913585e+05	0.000000e+00	1.229811e+00	5.992192e+01	8.483550e+00	
9.752800e-01	-3.536324e-03	1.092214e-01	7.045395e+00	9.133852e-01	2.091054e+04	6.450564e+01	8.362696e+00	1.914510e+05	0.000000e+00	1.229381e+00	6.060822e+01	8.530694e+00	
9.701500e-01	-4.256269e-03	1.091992e-01	7.077201e+00	9.143249e-01	2.091054e+04	6.480999e+01	8.372997e+00	1.914898e+05	0.000000e+00	1.228981e+00	6.124208e+01	8.564713e+00	
9.645400e-01	-5.038225e-03	1.092241e-01	7.112947e+00	9.136725e-01	2.091054e+04	6.512253e+01	8.365122e+00	1.914463e+05	0.000000e+00	1.228603e+00	6.183173e+01	8.586711e+00	
9.584700e-01	-5.878077e-03	1.092702e-01	7.150173e+00	9.123383e-01	2.091054e+04	6.543572e+01	8.349381e+00	1.913655e+05	0.000000e+00	1.228246e+00	6.238530e+01	8.597854e+00	
9.519400e-01	-6.774429e-03	1.093488e-01	7.189774e+00	9.099382e-01	2.091054e+04	6.575083e+01	8.321428e+00	1.912279e+05	0.000000e+00	1.227906e+00	6.290661e+01	8.599264e+00	
9.449600e-01	-7.724467e-03	1.094265e-01	7.229925e+00	9.063991e-01	2.091054e+04	6.607108e+01	8.283180e+00	1.910922e+05	0.000000e+00	1.227582e+00	6.340084e+01	8.591586e+00	
9.375400e-01	-8.725349e-03	1.094937e-01	7.269091e+00	9.023159e-01	2.091054e+04	6.638822e+01	8.240802e+00	1.909749e+05	0.000000e+00	1.227272e+00	6.387070e+01	8.575614e+00	
9.296900e-01	-9.774221e-03	1.095636e-01	7.307861e+00	8.976763e-01	2.091054e+04	6.669974e+01	8.193201e+00	1.908531e+05	0.000000e+00	1.226974e+00	6.431905e+01	8.552009e+00	
9.214000e-01	-1.087086e-02	1.096324e-01	7.346177e+00	8.924839e-01	2.091054e+04	6.700737e+01	8.140696e+00	1.907333e+05	0.000000e+00	1.226687e+00	6.474808e+01	8.521386e+00	
9.127000e-01	-1.200973e-02	1.096998e-01	7.383934e+00	8.867559e-01	2.091054e+04	6.731039e+01	8.083481e+00	1.906161e+05	0.000000e+00	1.226410e+00	6.516066e+01	8.484120e+00	
9.035800e-01	-1.319056e-02	1.097659e-01	7.421214e+00	8.804927e-01	2.091054e+04	6.760949e+01	8.021554e+00	1.905014e+05	0.000000e+00	1.226142e+00	6.555785e+01	8.440925e+00	
8.940600e-01	-1.440916e-02	1.098301e-01	7.457973e+00	8.736975e-01	2.091054e+04	6.790462e+01	7.954990e+00	1.903899e+05	0.000000e+00	1.225882e+00	6.594109e+01	8.391845e+00	
8.841500e-01	-1.566269e-02	1.098916e-01	7.494182e+00	8.663796e-01	2.091054e+04	6.819613e+01	7.883948e+00	1.902834e+05	0.000000e+00	1.225630e+00	6.631162e+01	8.337137e+00	
8.738500e-01	-1.694956e-02	1.099506e-01	7.529911e+00	8.585399e-01	2.091054e+04	6.848447e+01	7.808413e+00	1.901812e+05	0.000000e+00	1.225384e+00	6.667079e+01	8.277686e+00	
8.631800e-01	-1.826569e-02	1.100067e-01	7.565131e+00	8.501758e-01	2.091054e+04	6.876972e+01	7.728399e+00	1.900843e+05	0.000000e+00	1.225145e+00	6.702001e+01	8.213265e+00	
8.521600e-01	-1.960709e-02	1.100594e-01	7.599806e+00	8.412935e-01	2.091054e+04	6.905186e+01	7.643995e+00	1.899933e+05	0.000000e+00	1.224912e+00	6.735933e+01	8.144341e+00	
8.407700e-01	-2.097463e-02	1.101090e-01	7.634088e+00	8.318670e-01	2.091054e+04	6.933210e+01	7.554940e+00	1.899077e+05	0.000000e+00	1.224683e+00	6.769089e+01	8.071034e+00	
8.290500e-01	-2.236196e-02	1.101555e-01	7.667901e+00	8.219037e-01	2.091054e+04	6.960982e+01	7.461307e+00	1.898276e+05	0.000000e+00	1.224460e+00	6.801476e+01	7.993581e+00	
8.170100e-01	-2.376642e-02	1.101987e-01	7.701294e+00	8.113901e-01	2.091054e+04	6.988551e+01	7.362971e+00	1.897530e+05	0.000000e+00	1.224241e+00	6.833167e+01	7.912261e+00	
8.046400e-01	-2.518764e-02	1.102384e-01	7.734317e+00	8.002853e-01	2.091054e+04	7.015990e+01	7.259587e+00	1.896847e+05	0.000000e+00	1.224024e+00	6.864220e+01	7.826921e+00	
7.919700e-01	-2.662063e-02	1.102750e-01	7.766986e+00	7.885795e-01	2.091054e+04	7.043289e+01	7.151028e+00	1.896218e+05	0.000000e+00	1.223812e+00	6.894813e+01	7.737884e+00	
7.790100e-01	-2.806277e-02	1.103096e-01	7.799414e+00	7.762341e-01	2.091054e+04	7.070477e+01	7.036868e+00	1.895623e+05	0.000000e+00	1.223602e+00	6.924699e+01	7.644192e+00	
7.657800e-01	-2.951034e-02	1.103408e-01	7.831581e+00	7.632353e-01	2.091054e+04	7.097627e+01	6.917070e+00	1.895087e+05	0.000000e+00	1.223394e+00	6.954283e+01	7.545459e+00	
7.522800e-01	-3.096181e-02	1.103703e-01	7.863594e+00	7.495490e-01	2.091054e+04	7.124735e+01	6.791218e+00	1.894580e+05	0.000000e+00	1.223189e+00	6.983466e+01	7.443170e+00	
7.385200e-01	-3.241453e-02	1.103971e-01	7.895459e+00	7.351173e-01	2.091054e+04	7.151869e+01	6.658844e+00	1.894120e+05	0.000000e+00	1.222985e+00	7.012438e+01	7.336022e+00	
7.245300e-01	-3.386377e-02	1.104208e-01	7.927071e+00	7.199011e-01	2.091054e+04	7.178967e+01	6.519617e+00	1.893715e+05	0.000000e+00	1.222783e+00	7.041236e+01	7.225157e+00	
7.103200e-01	-3.530689e-02	1.104433e-01	7.958621e+00	7.038391e-01	2.091054e+04	7.206070e+01	6.372856e+00	1.893329e+05	0.000000e+00	1.222581e+00	7.069641e+01	7.108795e+00	
6.958900e-01	-3.674225e-02	1.104625e-01	7.990032e+00	6.868612e-01	2.091054e+04	7.233254e+01	6.218050e+00	1.893000e+05	0.000000e+00	1.222380e+00	7.097970e+01	6.987119e+00	
6.812700e-01	-3.816515e-02	1.104813e-01	8.021444e+00	6.689209e-01	2.091054e+04	7.260452e+01	6.054605e+00	1.892677e+05	0.000000e+00	1.222178e+00	7.126094e+01	6.859497e+00	
6.664700e-01	-3.957289e-02	1.104974e-01	8.052791e+00	6.499506e-01	2.091054e+04	7.287762e+01	5.882042e+00	1.892401e+05	0.000000e+00	1.221978e+00	7.154302e+01	6.726225e+00	
6.515000e-01	-4.096270e-02	1.105120e-01	8.084072e+00	6.298453e-01	2.091054e+04	7.315109e+01	5.699339e+00	1.892152e+05	0.000000e+00	1.221776e+00	7.182275e+01	6.586178e+00	
6.363800e-01	-4.233084e-02	1.105283e-01	8.115667e+00	6.085693e-01	2.091054e+04	7.342612e+01	5.506003e+00	1.891872e+05	0.000000e+00	1.221576e+00	7.210471e+01	6.439251e+00	
6.211300e-01	-4.367359e-02	1.105425e-01	8.147041e+00	5.859957e-01	2.091054e+04	7.370055e+01	5.301091e+00	1.891630e+05	0.000000e+00	1.221373e+00	7.238416e+01	6.284631e+00	
6.057600e-01	-4.498807e-02	1.105592e-01	8.178759e+00	5.620702e-01	2.091054e+04	7.397629e+01	5.083885e+00	1.891344e+05	0.000000e+00	1.221171e+00	7.266650e+01	6.121867e+00	
5.902800e-01	-4.627133e-02	1.105738e-01	8.210224e+00	5.366388e-01	2.091054e+04	7.425108e+01	4.853218e+00	1.891094e+05	0.000000e+00	1.220967e+00	7.294643e+01	5.950187e+00	
5.747100e-01	-4.751951e-02	1.105910e-01	8.241973e+00	5.096454e-01	2.091054e+04	7.452662e+01	4.608381e+00	1.890800e+05	0.000000e+00	1.220763e+00	7.322976e+01	5.768902e+00	
5.590600e-01	-4.872956e-02	1.106066e-01	8.273406e+00	4.809308e-01	2.091054e+04	7.480030e+01	4.348121e+00	1.890533e+05	0.000000e+00	1.220556e+00	7.351037e+01	5.577344e+00	
5.433600e-01	-4.989684e-02	1.106255e-01	8.305057e+00	4.504427e-01	2.091054e+04	7.507360e+01	4.071779e+00	1.890210e+05	0.000000e+00	1.220351e+00	7.379446e+01	5.374572e+00	
5.276100e-01	-5.101898e-02	1.106437e-01	8.336324e+00	4.179998e-01	2.091054e+04	7.534386e+01	3.777890e+00	1.889899e+05	0.000000e+00	1.220142e+00	7.407489e+01	5.160375e+00	
5.118400e-01	-5.209138e-02	1.106660e-01	8.367751e+00	3.835320e-01	2.091054e+04	7.561268e+01	3.465672e+00	1.889519e+05	0.000000e+00	1.219935e+00	7.435811e+01	4.932552e+00	
4.960500e-01	-5.311154e-02	1.106883e-01	8.398740e+00	3.468716e-01	2.091054e+04	7.587740e+01	3.133770e+00	1.889138e+05	0.000000e+00	1.219725e+00	7.463787e+01	4.691732e+00	
4.802700e-01	-5.407492e-02	1.107154e-01	8.429747e+00	3.079284e-01	2.091054e+04	7.613890e+01	2.781261e+00	1.888676e+05	0.000000e+00	1.219517e+00	7.492037e+01	4.435570e+00	
4.645100e-01	-5.497836e-02	1.107432e-01	8.460118e+00	2.665728e-01	2.091054e+04	7.639399e+01	2.407125e+00	1.888201e+05	0.000000e+00	1.219307e+00	7.519979e+01	4.165098e+00	
4.487800e-01	-5.581860e-02	1.107779e-01	8.490310e+00	2.226337e-01	2.091054e+04	7.664262e+01	2.009730e+00	1.887609e+05	0.000000e+00	1.219098e+00	7.547951e+01	3.877995e+00	
4.331100e-01	-5.659142e-02	1.108136e-01	8.519721e+00	1.760418e-01	2.091054e+04	7.688336e+01	1.588630e+00	1.887002e+05	0.000000e+00	1.218890e+00	7.575548e+01	3.574358e+00	
4.175000e-01	-5.729417e-02	1.108565e-01	8.548525e+00	1.265623e-01	2.091054e+04	7.711343e+01	1.141677e+00	1.886271e+05	0.000000e+00	1.218682e+00	7.602975e+01	3.251903e+00	
4.019700e-01	-5.792324e-02	1.109059e-01	8.576455e+00	7.408851e-02	2.091054e+04	7.733088e+01	6.680301e-01	1.885430e+05	0.000000e+00	1.218477e+00	7.630260e+01	2.910896e+00	
3.865400e-01	-5.847521e-02	1.109634e-01	8.603258e+00	1.844346e-02	2.091054e+04	7.753237e+01	1.662120e-01	1.884454e+05	0.000000e+00	1.218273e+00	7.656929e+01	2.549829e+00	
3.712300e-01	-5.894684e-02	1.110295e-01	8.628819e+00	-4.050421e-02	2.091054e+04	7.771643e+01	-3.648057e-01	1.883332e+05	0.000000e+00	1.218072e+00	7.683186e+01	2.167382e+00	
3.560400e-01	-5.933562e-02	1.111047e-01	8.652792e+00	-1.029380e-01	2.091054e+04	7.787962e+01	-9.264950e-01	1.882057e+05	0.000000e+00	1.217874e+00	7.708545e+01	1.762965e+00	
3.409900e-01	-5.963848e-02	1.111943e-01	8.675208e+00	-1.690598e-01	2.091054e+04	7.801847e+01	-1.520400e+00	1.880541e+05	0.000000e+00	1.217677e+00	7.733333e+01	1.335294e+00	
3.261100e-01	-5.985254e-02	1.112996e-01	8.696024e+00	-2.389431e-01	2.091054e+04	7.813168e+01	-2.146846e+00	1.878762e+05	0.000000e+00	1.217489e+00	7.757245e+01	8.831323e-01	
3.114000e-01	-5.997565e-02	1.114195e-01	8.714184e+00	-3.128507e-01	2.091054e+04	7.821055e+01	-2.807861e+00	1.876739e+05	0.000000e+00	1.217302e+00	7.780082e+01	4.065987e-01	
2.968700e-01	-6.000550e-02	1.115619e-01	8.731526e+00	-3.910347e-01	2.091054e+04	7.826623e+01	-3.505093e+00	1.874345e+05	0.000000e+00	1.217126e+00	7.801978e+01	-9.787652e-02	
2.825500e-01	-5.994005e-02	1.117192e-01	8.746732e+00	-4.735525e-01	2.091054e+04	7.829212e+01	-4.238775e+00	1.871706e+05	0.000000e+00	1.216951e+00	7.822368e+01	-6.278719e-01	
2.684500e-01	-5.977766e-02	1.118878e-01	8.763474e+00	-5.606025e-01	2.091054e+04	7.832375e+01	-5.010397e+00	1.868885e+05	0.000000e+00	1.216792e+00	7.841533e+01	-1.188932e+00	
2.545700e-01	-5.951658e-02	1.120591e-01	8.774965e+00	-6.523054e-01	2.091054e+04	7.830657e+01	-5.821083e+00	1.866028e+05	0.000000e+00	1.216633e+00	7.858750e+01	-1.777453e+00	
2.409400e-01	-5.915586e-02	1.122383e-01	8.788976e+00	-7.486514e-01	2.091054e+04	7.830640e+01	-6.670195e+00	1.863049e+05	0.000000e+00	1.216492e+00	7.874459e+01	-2.400257e+00	
2.275700e-01	-5.869457e-02	1.124231e-01	8.797716e+00	-8.495753e-01	2.091054e+04	7.825540e+01	-7.556945e+00	1.859986e+05	0.000000e+00	1.216354e+00	7.887754e+01	-3.052763e+00	
2.144700e-01	-5.813197e-02	1.126280e-01	8.799303e+00	-9.552254e-01	2.091054e+04	7.812711e+01	-8.481239e+00	1.856602e+05	0.000000e+00	1.216237e+00	7.899079e+01	-3.742541e+00	
2.016600e-01	-5.746811e-02	1.128972e-01	8.793804e+00	-1.066010e+00	2.091054e+04	7.789215e+01	-9.442308e+00	1.852176e+05	0.000000e+00	1.216125e+00	7.907447e+01	-4.465460e+00	
1.891400e-01	-5.670228e-02	1.132168e-01	8.783714e+00	-1.181590e+00	2.091054e+04	7.758313e+01	-1.043653e+01	1.846947e+05	0.000000e+00	1.216036e+00	7.913303e+01	-5.229496e+00	
1.769300e-01	-5.583514e-02	1.135804e-01	8.767595e+00	-1.302838e+00	2.091054e+04	7.719286e+01	-1.147062e+01	1.841035e+05	0.000000e+00	1.215955e+00	7.915562e+01	-6.030843e+00	
1.650400e-01	-5.486709e-02	1.139686e-01	8.743462e+00	-1.428663e+00	2.091054e+04	7.671813e+01	-1.253558e+01	1.834763e+05	0.000000e+00	1.215901e+00	7.914783e+01	-6.877989e+00	
1.534900e-01	-5.379978e-02	1.143758e-01	8.709313e+00	-1.558358e+00	2.091054e+04	7.614645e+01	-1.362489e+01	1.828231e+05	0.000000e+00	1.215858e+00	7.909635e+01	-7.767419e+00	
1.422900e-01	-5.263443e-02	1.147916e-01	8.663263e+00	-1.691203e+00	2.091054e+04	7.546949e+01	-1.473281e+01	1.821609e+05	0.000000e+00	1.215846e+00	7.900818e+01	-8.708540e+00	
1.314400e-01	-5.137134e-02	1.152228e-01	8.604418e+00	-1.826354e+00	2.091054e+04	7.467636e+01	-1.585063e+01	1.814793e+05	0.000000e+00	1.215853e+00	7.886335e+01	-9.698296e+00	
1.209500e-01	-5.001187e-02	1.157124e-01	8.534695e+00	-1.963415e+00	2.091054e+04	7.375783e+01	-1.696806e+01	1.807114e+05	0.000000e+00	1.215891e+00	7.866830e+01	-1.074834e+01	
1.108500e-01	-4.856067e-02	1.162771e-01	8.454089e+00	-2.100761e+00	2.091054e+04	7.270642e+01	-1.806686e+01	1.798338e+05	0.000000e+00	1.215956e+00	7.840525e+01	-1.185604e+01	
1.011300e-01	-4.701715e-02	1.169706e-01	8.364323e+00	-2.237628e+00	2.091054e+04	7.150793e+01	-1.912984e+01	1.787676e+05	0.000000e+00	1.216059e+00	7.807213e+01	-1.303249e+01	
9.181000e-02	-4.538527e-02	1.178845e-01	8.269498e+00	-2.373134e+00	2.091054e+04	7.014917e+01	-2.013102e+01	1.773817e+05	0.000000e+00	1.216201e+00	7.765501e+01	-1.427991e+01	
8.290000e-02	-4.366791e-02	1.191616e-01	8.176170e+00	-2.506814e+00	2.091054e+04	6.861415e+01	-2.103710e+01	1.754806e+05	0.000000e+00	1.216389e+00	7.713616e+01	-1.560652e+01	
7.440000e-02	-4.186608e-02	1.210573e-01	8.097412e+00	-2.640351e+00	2.091054e+04	6.688906e+01	-2.181074e+01	1.727326e+05	0.000000e+00	1.216629e+00	7.650163e+01	-1.701993e+01	
6.633000e-02	-3.998514e-02	1.238162e-01	8.042894e+00	-2.778035e+00	2.091054e+04	6.495835e+01	-2.243677e+01	1.688838e+05	0.000000e+00	1.216932e+00	7.572509e+01	-1.852715e+01	
5.869000e-02	-3.802636e-02	1.274359e-01	8.005230e+00	-2.912845e+00	2.091054e+04	6.281769e+01	-2.285733e+01	1.640867e+05	0.000000e+00	1.217311e+00	7.478047e+01	-2.013834e+01	
5.149000e-02	-3.599338e-02	1.326039e-01	8.026114e+00	-3.069865e+00	2.091054e+04	6.052700e+01	-2.315064e+01	1.576918e+05	0.000000e+00	1.217777e+00	7.363531e+01	-2.185942e+01	
4.474000e-02	-3.389028e-02	1.370942e-01	7.961551e+00	-3.186442e+00	2.091054e+04	5.807358e+01	-2.324272e+01	1.525268e+05	0.000000e+00	1.218360e+00	7.224207e+01	-2.369742e+01	
3.844000e-02	-3.171811e-02	1.413628e-01	7.870819e+00	-3.314886e+00	2.091054e+04	5.567815e+01	-2.344949e+01	1.479211e+05	0.000000e+00	1.219077e+00	7.053340e+01	-2.565260e+01	
3.260000e-02	-2.948109e-02	1.432655e-01	7.615206e+00	-3.340213e+00	2.091054e+04	5.315450e+01	-2.331484e+01	1.459566e+05	0.000000e+00	1.219962e+00	6.843737e+01	-2.772317e+01	
2.723000e-02	-2.718420e-02	1.428207e-01	7.270040e+00	-3.318022e+00	2.091054e+04	5.090327e+01	-2.323208e+01	1.464112e+05	0.000000e+00	1.221069e+00	6.585466e+01	-2.988355e+01	
2.232000e-02	-2.482329e-02	1.406848e-01	6.854676e+00	-3.196285e+00	2.091054e+04	4.872366e+01	-2.271948e+01	1.486340e+05	0.000000e+00	1.222444e+00	6.265086e+01	-3.208704e+01	
1.790000e-02	-2.241365e-02	1.365423e-01	6.345822e+00	-2.955959e+00	2.091054e+04	4.647513e+01	-2.164867e+01	1.531433e+05	0.000000e+00	1.224161e+00	5.866743e+01	-3.424975e+01	
1.395000e-02	-1.994492e-02	1.330678e-01	5.865423e+00	-2.674228e+00	2.091054e+04	4.407844e+01	-2.009673e+01	1.571420e+05	0.000000e+00	1.226315e+00	5.372868e+01	-3.619537e+01	
1.049000e-02	-1.742916e-02	1.302150e-01	5.434130e+00	-2.366776e+00	2.091054e+04	4.173200e+01	-1.817592e+01	1.605848e+05	0.000000e+00	1.228982e+00	4.762617e+01	-3.765488e+01	
7.520000e-03	-1.486756e-02	1.278019e-01	5.048634e+00	-2.030061e+00	2.091054e+04	3.950359e+01	-1.588444e+01	1.636169e+05	0.000000e+00	1.232256e+00	4.024236e+01	-3.817772e+01	
5.040000e-03	-1.226032e-02	1.256350e-01	4.709923e+00	-1.659061e+00	2.091054e+04	3.748893e+01	-1.320540e+01	1.664388e+05	0.000000e+00	1.236137e+00	3.156300e+01	-3.708699e+01	
3.050000e-03	-9.605565e-03	1.237707e-01	4.428212e+00	-1.253568e+00	2.091054e+04	3.577755e+01	-1.012815e+01	1.689459e+05	0.000000e+00	1.240555e+00	2.198669e+01	-3.355062e+01	
1.560000e-03	-6.917518e-03	1.226022e-01	4.214379e+00	-8.190318e-01	2.091054e+04	3.437442e+01	-6.680402e+00	1.705561e+05	0.000000e+00	1.244584e+00	1.256087e+01	-2.685323e+01	
5.600000e-04	-4.173160e-03	1.195280e-01	4.013344e+00	-3.475065e-01	2.091054e+04	3.357660e+01	-2.907323e+00	1.749426e+05	0.000000e+00	1.249105e+00	4.606675e+00	-1.659084e+01	
6.000000e-05	-1.375330e-03	1.189612e-01	3.999724e+00	1.014023e-01	2.091054e+04	3.362209e+01	8.523981e-01	1.757762e+05	0.000000e+00	1.250053e+00	7.252719e-01	-3.995580e+00	
0.000000e+00	0.000000e+00	1.199677e-01	4.083435e+00	3.862567e-01	2.091054e+04	3.403780e+01	3.219674e+00	1.743015e+05	0.000000e+00	1.248642e+00	5.997285e-01	5.757376e+00	
6.000000e-05	1.375330e-03	1.193870e-01	4.085947e+00	6.649703e-01	2.091054e+04	3.422438e+01	5.569871e+00	1.751492e+05	0.000000e+00	1.248934e+00	2.235703e+00	1.548876e+01	
5.600000e-04	4.173160e-03	1.196281e-01	4.155056e+00	1.117739e+00	2.091054e+04	3.473312e+01	9.343452e+00	1.747963e+05	0.000000e+00	1.246623e+00	7.686876e+00	2.801253e+01	
1.560000e-03	6.917518e-03	1.204894e-01	4.334564e+00	1.584785e+00	2.091054e+04	3.597465e+01	1.315290e+01	1.735468e+05	0.000000e+00	1.240006e+00	1.749244e+01	3.764878e+01	
3.050000e-03	9.605565e-03	1.216193e-01	4.588196e+00	2.021567e+00	2.091054e+04	3.772589e+01	1.662209e+01	1.719344e+05	0.000000e+00	1.234961e+00	2.816859e+01	4.313888e+01	
5.040000e-03	1.226032e-02	1.229562e-01	4.904226e+00	2.424792e+00	2.091054e+04	3.988597e+01	1.972079e+01	1.700650e+05	0.000000e+00	1.229938e+00	3.851123e+01	4.532901e+01	
7.520000e-03	1.486756e-02	1.247866e-01	5.280767e+00	2.794761e+00	2.091054e+04	4.231838e+01	2.239632e+01	1.675704e+05	0.000000e+00	1.225851e+00	4.750762e+01	4.511957e+01	
1.049000e-02	1.742916e-02	1.268588e-01	5.705441e+00	3.131011e+00	2.091054e+04	4.497473e+01	2.468106e+01	1.648332e+05	0.000000e+00	1.222633e+00	5.491714e+01	4.344631e+01	
1.395000e-02	1.994492e-02	1.295928e-01	6.182524e+00	3.436187e+00	2.091054e+04	4.770731e+01	2.651526e+01	1.613557e+05	0.000000e+00	1.220173e+00	6.085764e+01	4.101478e+01	
1.790000e-02	2.241365e-02	1.327484e-01	6.709434e+00	3.724975e+00	2.091054e+04	5.054249e+01	2.806042e+01	1.575201e+05	0.000000e+00	1.218304e+00	6.553272e+01	3.826843e+01	
2.232000e-02	2.482329e-02	1.269755e-01	6.915610e+00	3.708675e+00	2.091054e+04	5.446414e+01	2.920781e+01	1.646818e+05	0.000000e+00	1.216900e+00	6.920641e+01	3.544999e+01	
2.723000e-02	2.718420e-02	1.199553e-01	6.967759e+00	3.518816e+00	2.091054e+04	5.808629e+01	2.933439e+01	1.743195e+05	0.000000e+00	1.215846e+00	7.208143e+01	3.271303e+01	
3.260000e-02	2.948109e-02	1.173208e-01	7.121344e+00	3.438203e+00	2.091054e+04	6.069977e+01	2.930601e+01	1.782339e+05	0.000000e+00	1.215049e+00	7.433999e+01	3.011578e+01	
3.844000e-02	3.171811e-02	1.163583e-01	7.316100e+00	3.401039e+00	2.091054e+04	6.287563e+01	2.922902e+01	1.797083e+05	0.000000e+00	1.214457e+00	7.612277e+01	2.768623e+01	
4.474000e-02	3.389028e-02	1.158384e-01	7.522114e+00	3.358250e+00	2.091054e+04	6.493627e+01	2.899082e+01	1.805148e+05	0.000000e+00	1.214013e+00	7.753383e+01	2.543391e+01	
5.149000e-02	3.599338e-02	1.155005e-01	7.729991e+00	3.296056e+00	2.091054e+04	6.692605e+01	2.853716e+01	1.810429e+05	0.000000e+00	1.213683e+00	7.864700e+01	2.334783e+01	
5.869000e-02	3.802636e-02	1.152169e-01	7.932027e+00	3.210900e+00	2.091054e+04	6.884428e+01	2.786830e+01	1.814885e+05	0.000000e+00	1.213450e+00	7.953060e+01	2.141745e+01	
6.633000e-02	3.998514e-02	1.149284e-01	8.122306e+00	3.103522e+00	2.091054e+04	7.067273e+01	2.700395e+01	1.819441e+05	0.000000e+00	1.213287e+00	8.023392e+01	1.963078e+01	
7.440000e-02	4.186608e-02	1.146189e-01	8.295451e+00	2.976276e+00	2.091054e+04	7.237420e+01	2.596671e+01	1.824354e+05	0.000000e+00	1.213181e+00	8.078539e+01	1.797205e+01	
8.290000e-02	4.366791e-02	1.142689e-01	8.447057e+00	2.832873e+00	2.091054e+04	7.392264e+01	2.479130e+01	1.829942e+05	0.000000e+00	1.213127e+00	8.121470e+01	1.643204e+01	
9.181000e-02	4.538527e-02	1.138867e-01	8.575901e+00	2.678136e+00	2.091054e+04	7.530207e+01	2.351580e+01	1.836084e+05	0.000000e+00	1.213107e+00	8.153877e+01	1.499331e+01	
1.011300e-01	4.701715e-02	1.134934e-01	8.683666e+00	2.516508e+00	2.091054e+04	7.651250e+01	2.217316e+01	1.842445e+05	0.000000e+00	1.213124e+00	8.177728e+01	1.365049e+01	
1.108500e-01	4.856067e-02	1.130975e-01	8.771455e+00	2.351486e+00	2.091054e+04	7.755660e+01	2.079167e+01	1.848896e+05	0.000000e+00	1.213165e+00	8.193984e+01	1.239187e+01	
1.209500e-01	5.001187e-02	1.127149e-01	8.841768e+00	2.186265e+00	2.091054e+04	7.844362e+01	1.939641e+01	1.855171e+05	0.000000e+00	1.213234e+00	8.204188e+01	1.120853e+01	
1.314400e-01	5.137134e-02	1.123687e-01	8.898391e+00	2.023172e+00	2.091054e+04	7.918925e+01	1.800477e+01	1.860888e+05	0.000000e+00	1.213327e+00	8.209456e+01	1.009705e+01	
1.422900e-01	5.263443e-02	1.120685e-01	8.943097e+00	1.864024e+00	2.091054e+04	7.980025e+01	1.663290e+01	1.865871e+05	0.000000e+00	1.213435e+00	8.209938e+01	9.047570e+00	
1.534900e-01	5.379978e-02	1.118332e-01	8.979056e+00	1.710341e+00	2.091054e+04	8.028973e+01	1.529368e+01	1.869798e+05	0.000000e+00	1.213564e+00	8.206653e+01	8.060056e+00	
1.650400e-01	5.486709e-02	1.116746e-01	9.006757e+00	1.562574e+00	2.091054e+04	8.065178e+01	1.399221e+01	1.872453e+05	0.000000e+00	1.213703e+00	8.199044e+01	7.123896e+00	
1.769300e-01	5.583514e-02	1.116053e-01	9.024840e+00	1.421138e+00	2.091054e+04	8.086390e+01	1.273360e+01	1.873616e+05	0.000000e+00	1.213864e+00	8.188892e+01	6.240434e+00	
1.891400e-01	5.670228e-02	1.115611e-01	9.033138e+00	1.286693e+00	2.091054e+04	8.097034e+01	1.153353e+01	1.874359e+05	0.000000e+00	1.214029e+00	8.175464e+01	5.401324e+00	
2.016600e-01	5.746811e-02	1.115422e-01	9.033028e+00	1.157916e+00	2.091054e+04	8.098303e+01	1.038097e+01	1.874675e+05	0.000000e+00	1.214215e+00	8.160185e+01	4.609160e+00	
2.144700e-01	5.813197e-02	1.114707e-01	9.033140e+00	1.034947e+00	2.091054e+04	8.103599e+01	9.284470e+00	1.875878e+05	0.000000e+00	1.214402e+00	8.142230e+01	3.855616e+00	
2.275700e-01	5.869457e-02	1.114157e-01	9.025902e+00	9.182604e-01	2.091054e+04	8.101103e+01	8.241750e+00	1.876804e+05	0.000000e+00	1.214608e+00	8.122608e+01	3.144348e+00	
2.409400e-01	5.915586e-02	1.113389e-01	9.019814e+00	8.075459e-01	2.091054e+04	8.101227e+01	7.253046e+00	1.878099e+05	0.000000e+00	1.214812e+00	8.100715e+01	2.467241e+00	
2.545700e-01	5.951658e-02	1.112456e-01	9.007029e+00	7.027612e-01	2.091054e+04	8.096523e+01	6.317203e+00	1.879673e+05	0.000000e+00	1.215033e+00	8.077381e+01	1.827762e+00	
2.684500e-01	5.977766e-02	1.111396e-01	8.991827e+00	6.036923e-01	2.091054e+04	8.090567e+01	5.431836e+00	1.881466e+05	0.000000e+00	1.215252e+00	8.052306e+01	1.219477e+00	
2.825500e-01	5.994005e-02	1.110448e-01	8.975730e+00	5.103352e-01	2.091054e+04	8.082981e+01	4.595760e+00	1.883073e+05	0.000000e+00	1.215482e+00	8.026098e+01	6.448414e-01	
2.968700e-01	6.000550e-02	1.109669e-01	8.958008e+00	4.223259e-01	2.091054e+04	8.072686e+01	3.805873e+00	1.884395e+05	0.000000e+00	1.215713e+00	7.998616e+01	9.962158e-02	
3.114000e-01	5.997565e-02	1.108970e-01	8.936216e+00	3.392797e-01	2.091054e+04	8.058119e+01	3.059411e+00	1.885582e+05	0.000000e+00	1.215951e+00	7.970123e+01	-4.163508e-01	
3.261100e-01	5.985254e-02	1.108443e-01	8.912713e+00	2.611039e-01	2.091054e+04	8.040749e+01	2.355591e+00	1.886479e+05	0.000000e+00	1.216191e+00	7.940969e+01	-9.042166e-01	
3.409900e-01	5.963848e-02	1.108057e-01	8.887182e+00	1.874197e-01	2.091054e+04	8.020509e+01	1.691427e+00	1.887136e+05	0.000000e+00	1.216433e+00	7.910730e+01	-1.366120e+00	
3.560400e-01	5.933562e-02	1.107800e-01	8.860075e+00	1.179922e-01	2.091054e+04	7.997899e+01	1.065103e+00	1.887574e+05	0.000000e+00	1.216678e+00	7.880082e+01	-1.801732e+00	
3.712300e-01	5.894684e-02	1.107632e-01	8.831386e+00	5.261318e-02	2.091054e+04	7.973212e+01	4.750059e-01	1.887860e+05	0.000000e+00	1.216923e+00	7.848582e+01	-2.214181e+00	
3.865400e-01	5.847521e-02	1.107561e-01	8.801725e+00	-8.899625e-03	2.091054e+04	7.946942e+01	-8.035334e-02	1.887981e+05	0.000000e+00	1.217172e+00	7.817100e+01	-2.602783e+00	
4.019700e-01	5.792324e-02	1.107541e-01	8.770887e+00	-6.685129e-02	2.091054e+04	7.919241e+01	-6.036007e-01	1.888015e+05	0.000000e+00	1.217418e+00	7.785076e+01	-2.970460e+00	
4.175000e-01	5.729417e-02	1.107593e-01	8.739622e+00	-1.213715e-01	2.091054e+04	7.890641e+01	-1.095813e+00	1.887926e+05	0.000000e+00	1.217669e+00	7.753143e+01	-3.316124e+00	
4.331100e-01	5.659142e-02	1.107703e-01	8.707722e+00	-1.726910e-01	2.091054e+04	7.861061e+01	-1.559001e+00	1.887739e+05	0.000000e+00	1.217915e+00	7.720881e+01	-3.643276e+00	
4.487800e-01	5.581860e-02	1.107853e-01	8.675559e+00	-2.209528e-01	2.091054e+04	7.830969e+01	-1.994424e+00	1.887484e+05	0.000000e+00	1.218165e+00	7.688721e+01	-3.950130e+00	
4.645100e-01	5.497836e-02	1.108033e-01	8.642971e+00	-2.663743e-01	2.091054e+04	7.800286e+01	-2.404029e+00	1.887178e+05	0.000000e+00	1.218409e+00	7.656318e+01	-4.240647e+00	
4.802700e-01	5.407492e-02	1.108237e-01	8.610178e+00	-3.090581e-01	2.091054e+04	7.769256e+01	-2.788736e+00	1.886830e+05	0.000000e+00	1.218656e+00	7.624113e+01	-4.513811e+00	
4.960500e-01	5.311154e-02	1.108464e-01	8.577266e+00	-3.492014e-01	2.091054e+04	7.737974e+01	-3.150318e+00	1.886443e+05	0.000000e+00	1.218899e+00	7.591938e+01	-4.772378e+00	
5.118400e-01	5.209138e-02	1.108704e-01	8.544189e+00	-3.869544e-01	2.091054e+04	7.706462e+01	-3.490150e+00	1.886034e+05	0.000000e+00	1.219142e+00	7.559941e+01	-5.015420e+00	
5.276100e-01	5.101898e-02	1.108948e-01	8.511116e+00	-4.224045e-01	2.091054e+04	7.674944e+01	-3.809055e+00	1.885619e+05	0.000000e+00	1.219382e+00	7.527994e+01	-5.244511e+00	
5.433600e-01	4.989684e-02	1.109217e-01	8.478057e+00	-4.557486e-01	2.091054e+04	7.643282e+01	-4.108742e+00	1.885163e+05	0.000000e+00	1.219620e+00	7.496100e+01	-5.459991e+00	
5.590600e-01	4.872956e-02	1.109477e-01	8.444891e+00	-4.870277e-01	2.091054e+04	7.611595e+01	-4.389704e+00	1.884720e+05	0.000000e+00	1.219855e+00	7.464123e+01	-5.662348e+00	
5.747100e-01	4.751951e-02	1.109723e-01	8.411588e+00	-5.164570e-01	2.091054e+04	7.579898e+01	-4.653926e+00	1.884303e+05	0.000000e+00	1.220089e+00	7.432293e+01	-5.855246e+00	
5.902800e-01	4.627133e-02	1.109951e-01	8.378281e+00	-5.441081e-01	2.091054e+04	7.548331e+01	-4.902089e+00	1.883915e+05	0.000000e+00	1.220322e+00	7.400832e+01	-6.036341e+00	
6.057600e-01	4.498807e-02	1.110174e-01	8.345088e+00	-5.701385e-01	2.091054e+04	7.516919e+01	-5.135578e+00	1.883538e+05	0.000000e+00	1.220551e+00	7.369347e+01	-6.208846e+00	
6.211300e-01	4.367359e-02	1.110369e-01	8.311866e+00	-5.946237e-01	2.091054e+04	7.485680e+01	-5.355190e+00	1.883207e+05	0.000000e+00	1.220780e+00	7.338268e+01	-6.371351e+00	
6.363800e-01	4.233084e-02	1.110574e-01	8.278927e+00	-6.176990e-01	2.091054e+04	7.454639e+01	-5.561980e+00	1.882859e+05	0.000000e+00	1.221006e+00	7.307013e+01	-6.525779e+00	
6.515000e-01	4.096270e-02	1.110725e-01	8.245743e+00	-6.394364e-01	2.091054e+04	7.423747e+01	-5.756927e+00	1.882603e+05	0.000000e+00	1.221232e+00	7.276107e+01	-6.672387e+00	
6.664700e-01	3.957289e-02	1.110856e-01	8.212641e+00	-6.599340e-01	2.091054e+04	7.393075e+01	-5.940771e+00	1.882381e+05	0.000000e+00	1.221456e+00	7.245023e+01	-6.811788e+00	
6.812700e-01	3.816515e-02	1.110925e-01	8.179253e+00	-6.792551e-01	2.091054e+04	7.362563e+01	-6.114322e+00	1.882265e+05	0.000000e+00	1.221680e+00	7.214219e+01	-6.944595e+00	
6.958900e-01	3.674225e-02	1.110957e-01	8.145819e+00	-6.974931e-01	2.091054e+04	7.332253e+01	-6.278308e+00	1.882210e+05	0.000000e+00	1.221902e+00	7.183171e+01	-7.071140e+00	
7.103200e-01	3.530689e-02	1.110945e-01	8.112257e+00	-7.147318e-01	2.091054e+04	7.302122e+01	-6.433547e+00	1.882230e+05	0.000000e+00	1.222125e+00	7.152315e+01	-7.192061e+00	
7.245300e-01	3.386377e-02	1.110890e-01	8.078517e+00	-7.310125e-01	2.091054e+04	7.272116e+01	-6.580425e+00	1.882324e+05	0.000000e+00	1.222347e+00	7.121163e+01	-7.307453e+00	
7.385200e-01	3.241453e-02	1.110778e-01	8.044488e+00	-7.464169e-01	2.091054e+04	7.242214e+01	-6.719770e+00	1.882514e+05	0.000000e+00	1.222570e+00	7.090054e+01	-7.418093e+00	
7.522800e-01	3.096181e-02	1.110621e-01	8.010255e+00	-7.609985e-01	2.091054e+04	7.212410e+01	-6.852008e+00	1.882779e+05	0.000000e+00	1.222793e+00	7.058585e+01	-7.523598e+00	
7.657800e-01	2.951034e-02	1.110419e-01	7.975793e+00	-7.748072e-01	2.091054e+04	7.182689e+01	-6.977613e+00	1.883122e+05	0.000000e+00	1.223018e+00	7.027030e+01	-7.625076e+00	
7.790100e-01	2.806277e-02	1.110170e-01	7.941084e+00	-7.878858e-01	2.091054e+04	7.153036e+01	-7.096985e+00	1.883545e+05	0.000000e+00	1.223244e+00	6.995092e+01	-7.722002e+00	
7.919700e-01	2.662063e-02	1.109882e-01	7.906103e+00	-8.002902e-01	2.091054e+04	7.123374e+01	-7.210589e+00	1.884034e+05	0.000000e+00	1.223472e+00	6.962864e+01	-7.814485e+00	
8.046400e-01	2.518764e-02	1.109559e-01	7.870817e+00	-8.120318e-01	2.091054e+04	7.093647e+01	-7.318513e+00	1.884582e+05	0.000000e+00	1.223702e+00	6.929991e+01	-7.902486e+00	
8.170100e-01	2.376642e-02	1.109178e-01	7.835076e+00	-8.231513e-01	2.091054e+04	7.063856e+01	-7.421270e+00	1.885228e+05	0.000000e+00	1.223936e+00	6.896769e+01	-7.987379e+00	
8.290500e-01	2.236196e-02	1.108752e-01	7.798968e+00	-8.336604e-01	2.091054e+04	7.034005e+01	-7.518907e+00	1.885953e+05	0.000000e+00	1.224172e+00	6.863014e+01	-8.067505e+00	
8.407700e-01	2.097463e-02	1.108287e-01	7.762437e+00	-8.435855e-01	2.091054e+04	7.003998e+01	-7.611619e+00	1.886745e+05	0.000000e+00	1.224412e+00	6.828492e+01	-8.143005e+00	
8.521600e-01	1.960709e-02	1.107782e-01	7.725431e+00	-8.529503e-01	2.091054e+04	6.973785e+01	-7.699625e+00	1.887605e+05	0.000000e+00	1.224656e+00	6.793227e+01	-8.214199e+00	
8.631800e-01	1.826569e-02	1.107238e-01	7.688024e+00	-8.617460e-01	2.091054e+04	6.943422e+01	-7.782840e+00	1.888531e+05	0.000000e+00	1.224905e+00	6.757224e+01	-8.280905e+00	
8.738500e-01	1.694956e-02	1.106657e-01	7.650086e+00	-8.700144e-01	2.091054e+04	6.912786e+01	-7.861641e+00	1.889523e+05	0.000000e+00	1.225159e+00	6.720246e+01	-8.343706e+00	
8.841500e-01	1.566269e-02	1.106045e-01	7.611680e+00	-8.777533e-01	2.091054e+04	6.881892e+01	-7.935967e+00	1.890570e+05	0.000000e+00	1.225420e+00	6.682382e+01	-8.401582e+00	
8.940600e-01	1.440916e-02	1.105410e-01	7.572862e+00	-8.849646e-01	2.091054e+04	6.850728e+01	-8.005760e+00	1.891655e+05	0.000000e+00	1.225687e+00	6.643379e+01	-8.454533e+00	
9.035800e-01	1.319056e-02	1.104756e-01	7.533594e+00	-8.916495e-01	2.091054e+04	6.819241e+01	-8.071011e+00	1.892776e+05	0.000000e+00	1.225961e+00	6.603212e+01	-8.501848e+00	
9.127000e-01	1.200973e-02	1.104087e-01	7.493884e+00	-8.978073e-01	2.091054e+04	6.787405e+01	-8.131674e+00	1.893922e+05	0.000000e+00	1.226244e+00	6.561687e+01	-8.543602e+00	
9.214000e-01	1.087086e-02	1.103410e-01	7.453780e+00	-9.034314e-01	2.091054e+04	6.755219e+01	-8.187628e+00	1.895083e+05	0.000000e+00	1.226535e+00	6.518675e+01	-8.579262e+00	
9.296900e-01	9.774221e-03	1.102723e-01	7.413168e+00	-9.085081e-01	2.091054e+04	6.722605e+01	-8.238774e+00	1.896265e+05	0.000000e+00	1.226835e+00	6.473929e+01	-8.608211e+00	
9.375400e-01	8.725349e-03	1.102012e-01	7.372063e+00	-9.130421e-01	2.091054e+04	6.689640e+01	-8.285229e+00	1.897488e+05	0.000000e+00	1.227146e+00	6.427352e+01	-8.630157e+00	
9.449600e-01	7.724467e-03	1.101430e-01	7.331060e+00	-9.169975e-01	2.091054e+04	6.655948e+01	-8.325520e+00	1.898491e+05	0.000000e+00	1.227469e+00	6.378670e+01	-8.644263e+00	
9.519400e-01	6.774429e-03	1.101277e-01	7.291808e+00	-9.203010e-01	2.091054e+04	6.621230e+01	-8.356671e+00	1.898754e+05	0.000000e+00	1.227806e+00	6.327616e+01	-8.650035e+00	
9.584700e-01	5.878077e-03	1.102457e-01	7.258070e+00	-9.214311e-01	2.091054e+04	6.583543e+01	-8.357981e+00	1.896723e+05	0.000000e+00	1.228159e+00	6.273844e+01	-8.646629e+00	
9.645400e-01	5.038225e-03	1.102821e-01	7.221834e+00	-9.240364e-01	2.091054e+04	6.548509e+01	-8.378842e+00	1.896096e+05	0.000000e+00	1.228528e+00	6.216910e+01	-8.633678e+00	
9.701500e-01	4.256269e-03	1.104291e-01	7.189644e+00	-9.246978e-01	2.091054e+04	6.510640e+01	-8.373675e+00	1.893571e+05	0.000000e+00	1.228918e+00	6.156336e+01	-8.609679e+00	
9.752800e-01	3.536324e-03	1.105460e-01	7.156980e+00	-9.261855e-01	2.091054e+04	6.474208e+01	-8.378280e+00	1.891569e+05	0.000000e+00	1.229330e+00	6.091404e+01	-8.573790e+00	
9.799500e-01	2.876826e-03	1.107352e-01	7.126862e+00	-9.260014e-01	2.091054e+04	6.435950e+01	-8.362303e+00	1.888338e+05	0.000000e+00	1.229771e+00	6.021194e+01	-8.524617e+00	
9.841300e-01	2.283177e-03	1.108609e-01	7.094713e+00	-9.271801e-01	2.091054e+04	6.399652e+01	-8.363453e+00	1.886196e+05	0.000000e+00	1.230247e+00	5.944588e+01	-8.457914e+00	
9.878400e-01	1.753610e-03	1.110371e-01	7.064079e+00	-9.263512e-01	2.091054e+04	6.361907e+01	-8.342715e+00	1.883203e+05	0.000000e+00	1.230760e+00	5.858907e+01	-8.374059e+00	
9.910500e-01	1.293364e-03	1.111309e-01	7.030557e+00	-9.268947e-01	2.091054e+04	6.326376e+01	-8.340569e+00	1.881614e+05	0.000000e+00	1.231330e+00	5.763081e+01	-8.263531e+00	
9.937800e-01	9.004365e-04	1.112395e-01	6.997054e+00	-9.254829e-01	2.091054e+04	6.290083e+01	-8.319736e+00	1.879778e+05	0.000000e+00	1.231964e+00	5.651888e+01	-8.120829e+00	
9.960200e-01	5.769984e-04	1.113574e-01	6.966049e+00	-9.240087e-01	2.091054e+04	6.255578e+01	-8.297685e+00	1.877787e+05	0.000000e+00	1.232736e+00	5.522505e+01	-7.927478e+00	
9.977600e-01	3.251112e-04	1.113418e-01	6.925273e+00	-9.210113e-01	2.091054e+04	6.219830e+01	-8.271925e+00	1.878049e+05	0.000000e+00	1.233607e+00	5.357936e+01	-7.693915e+00	
9.990000e-01	1.452538e-04	1.118809e-01	6.933638e+00	-9.216072e-01	2.091054e+04	6.197339e+01	-8.237396e+00	1.869000e+05	0.000000e+00	1.234908e+00	5.152554e+01	-7.317828e+00	
9.997500e-01	3.632897e-05	1.159243e-01	6.961649e+00	-9.291319e-01	2.091054e+04	6.005342e+01	-8.014990e+00	1.803811e+05	0.000000e+00	1.236402e+00	4.874985e+01	-6.737287e+00	
1.000000e+00	0.000000e+00	1.215489e-01	7.475063e+00	9.301544e-04	2.091054e+04	6.149842e+01	7.652515e-03	1.720341e+05	0.000000e+00	1.227923e+00	4.510480e+01	-7.040406e-03	
200	1
1	2
2	3
3	4
4	5
5	6
6	7
7	8
8	9
9	10
10	11
11	12
12	13
13	14
14	15
15	16
16	17
17	18
18	19
19	20
20	21
21	22
22	23
23	24
24	25
25	26
26	27
27	28
28	29
29	30
30	31
31	32
32	33
33	34
34	35
35	36
36	37
37	38
38	39
39	40
40	41
41	42
42	43
43	44
44	45
45	46
46	47
47	48
48	49
49	50
50	51
51	52
52	53
53	54
54	55
55	56
56	57
57	58
58	59
59	60
60	61
61	62
62	63
63	64
64	65
65	66
66	67
67	68
68	69
69	70
70	71
71	72
72	73
73	74
74	75
75	76
76	77
77	78
78	79
79	80
80	81
81	82
82	83
83	84
84	85
85	86
86	87
87	88
88	89
89	90
90	91
91	92
92	93
93	94
94	95
95	96
96	97
97	98
98	99
99	100
100	101
101	102
102	103
103	104
104	105
105	106
106	107
107	108
108	109
109	110
110	111
111	112
112	113
113	114
114	115
115	116
116	117
117	118
118	119
119	120
120	121
121	122
122	123
123	124
124	125
125	126
126	127
127	128
128	129
129	130
130	131
131	132
132	133
133	134
134	135
135	136
136	137
137	138
138	139
139	140
140	141
141	142
142	143
143	144
144	145
145	146
146	147
147	148
148	149
149	150
150	151
151	152
152	153
153	154
154	155
155	156
156	157
157	158
158	159
159	160
160	161
161	162
162	163
163	164
164	165
165	166
166	167
167	168
168	169
169	170
170	171
171	172
172	173
173	174
174	175
175	176
176	177
177	178
178	179
179	180
180	181
181	182
182	183
183	184
184	185
185	186
186	187
187	188
188	189
189	190
190	191
191	192
192	193
193	194
194	195
195	196
196	197
197	198
198	199
199	200
